topo1,topo3,topo2
0.8204,0.0668,0.1128
0.7834,0.1355,0.0811
0.7824,0.1357,0.0819
0.7496,0.1128,0.1376
0.7134,0.1076,0.179
0.7133,0.1271,0.1596
0.7093,0.1926,0.0981
0.7954,0.0915,0.1131
0.7827,0.1038,0.1135
0.7059,0.1162,0.1779
1,0,0
0.709,0.1772,0.1138
0.7177,0.1775,0.1048
0.8185,0.0376,0.1439
0.7543,0.1522,0.0935
0.7323,0.1167,0.151
0.8397,0.0871,0.0732
0.722,0.1641,0.1139
0.764,0.0946,0.1414
1,0,0
1,0,0
0.9668,0.0089,0.0243
0.9549,0.026,0.0191
0.9535,0.0153,0.0312
0.9389,0.0324,0.0287
0.9326,0.0264,0.041
0.9156,0.0409,0.0435
0.9116,0.0401,0.0483
0.908,0.0474,0.0446
0.8939,0.066,0.0401
0.8885,0.0472,0.0643
0.8631,0.0436,0.0933
0.8266,0.0769,0.0965
0.8227,0.0935,0.0838
0.8218,0.1099,0.0683
0.8012,0.087,0.1118
0.7659,0.1258,0.1083
0.7581,0.1074,0.1345
0.743,0.1705,0.0865
0.7011,0.0526,0.2463
0.7408,0.1015,0.1577
0.7232,0.0817,0.1951
0.9412,0.0157,0.0431
0.94,0.0273,0.0327
0.9345,0.052,0.0135
0.9106,0.0353,0.0541
0.9052,0.0714,0.0234
0.8872,0.0727,0.0401
0.8577,0.0567,0.0856
0.8514,0.0639,0.0847
0.8165,0.1273,0.0562
0.7981,0.0463,0.1556
0.7899,0.1262,0.0839
0.7828,0.1439,0.0733
0.7811,0.1269,0.092
0.7716,0.1119,0.1165
0.7427,0.0798,0.1775
0.9623,0.0294,0.0083
0.9195,0.0582,0.0223
0.9154,0.0325,0.0521
0.8647,0.0489,0.0864
0.719,0.1604,0.1206
0.7071,0.0786,0.2143
0.8279,0.1533,0.0188
0.771,0.1512,0.0778
0.7663,0.1014,0.1323
0.7361,0.1743,0.0896
0.9673,0.0264,0.0063
0.8827,0.1145,0.0028
0.7317,0.138,0.1303
0.866,0.0616,0.0724
0.866,0.0592,0.0748
0.7172,0.134,0.1488
0.7521,0.0967,0.1512
0.7336,0.1321,0.1343
0.7024,0.136,0.1616
0.9829,0.0171,0
1,0,0
1,0,0
1,0,0
1,0,0
0.9813,0.0088,0.0099
0.852,0.0791,0.0689
0.7148,0.2657,0.0195
0.7106,0.2136,0.0758
0.7036,0.1977,0.0987
0.7798,0.0699,0.1503
0.8213,0.056,0.1227
0.7686,0.1322,0.0992
0.7927,0.1654,0.0419
0.7361,0.1583,0.1056
0.9279,0.0403,0.0318
0.8657,0.083,0.0513
0.7034,0.2244,0.0722
0.9715,0.0179,0.0106
0.9554,0.0139,0.0307
0.7997,0.1348,0.0655
0.8803,0.041,0.0787
0.7236,0.1993,0.0771
0.8004,0.119,0.0806
0.7616,0.1766,0.0618
0.7393,0.1525,0.1082
0.7201,0.1925,0.0874
0.9826,0.0174,0
0.9483,0.0156,0.0361
0.9173,0.0481,0.0346
0.7643,0.1415,0.0942
0.712,0.1682,0.1198
0.8207,0.1357,0.0436
0.787,0.0937,0.1193
0.7158,0.0677,0.2165
0.8172,0.1215,0.0613
0.731,0.2256,0.0434
0.8086,0.0846,0.1068
0.7991,0.1198,0.0811
0.7566,0.1011,0.1423
0.7821,0.0885,0.1294
0.7921,0.1361,0.0718
0.727,0.1401,0.1329
0.7153,0.1697,0.115
0.7353,0.1326,0.1321
0.7251,0.133,0.1419
0.9135,0.0459,0.0406
0.8869,0.0682,0.0449
0.8517,0.1233,0.025
0.7297,0.186,0.0843
0.898,0.0575,0.0445
0.8609,0.1058,0.0333
0.7711,0.086,0.1429
0.7619,0.104,0.1341
0.7303,0.073,0.1967
0.8284,0.0977,0.0739
0.8155,0.0837,0.1008
0.7544,0.1362,0.1094
0.7193,0.2035,0.0772
0.8209,0.1498,0.0293
0.8184,0.1101,0.0715
0.7663,0.1179,0.1158
0.7604,0.086,0.1536
0.7565,0.1136,0.1299
0.7434,0.2224,0.0342
0.7294,0.1497,0.1209
0.7033,0.1212,0.1755
0.745,0.1083,0.1467
0.762,0.1793,0.0587
0.9957,0.0043,0
0.9919,0.0081,0
0.8612,0.0596,0.0792
1,0,0
1,0,0
1,0,0
0.9938,0.0062,0
0.9856,0.0144,0
0.9634,0.0107,0.0259
0.9546,0.0199,0.0255
0.7837,0.1304,0.0859
0.7579,0.1747,0.0674
0.7195,0.1442,0.1363
0.7585,0.1948,0.0467
0.8284,0.1095,0.0621
0.7553,0.0783,0.1664
0.7966,0.1055,0.0979
0.8364,0.0547,0.1089
0.7322,0.1276,0.1402
0.8147,0.1514,0.0339
0.7232,0.1209,0.1559
0.7726,0.1641,0.0633
0.7012,0.1742,0.1246
0.8555,0.063,0.0815
0.8544,0.065,0.0806
0.8436,0.1057,0.0507
0.8039,0.1168,0.0793
0.7892,0.083,0.1278
0.739,0.1286,0.1324
0.7323,0.0225,0.2452
0.7262,0.1123,0.1615
0.8798,0.0587,0.0615
0.7911,0.0841,0.1248
0.7127,0.1613,0.126
0.7354,0.1444,0.1202
0.7086,0.1761,0.1153
0.8071,0.069,0.1239
0.814,0.1322,0.0538
0.7519,0.1925,0.0556
0.7682,0.1097,0.1221
0.7644,0.1346,0.101
0.8148,0.0866,0.0986
0.7879,0.1225,0.0896
0.7733,0.063,0.1637
0.766,0.1158,0.1182
0.7242,0.1041,0.1717
0.7229,0.0663,0.2108
0.707,0.1374,0.1556
0.8029,0.0982,0.0989
0.8176,0.0508,0.1316
0.7161,0.1497,0.1342
0.7779,0.1262,0.0959
0.8296,0.065,0.1054
0.816,0.083,0.101
0.7925,0.0945,0.113
0.7724,0.0997,0.1279
0.7312,0.1197,0.1491
0.8353,0.0711,0.0936
0.7284,0.0912,0.1804
0.7544,0.1441,0.1015
0.7224,0.1262,0.1514
0.7405,0.1688,0.0907
0.8623,0.0619,0.0758
0.7896,0.1789,0.0315
0.7287,0.2592,0.0121
0.7079,0.1093,0.1828
0.8626,0.0847,0.0527
0.7748,0.1102,0.115
0.7715,0.1078,0.1207
0.701,0.1258,0.1732
0.8235,0.0908,0.0857
0.8637,0.0817,0.0546
0.7919,0.0744,0.1337
0.8086,0.0426,0.1488
0.789,0.0882,0.1228
0.7802,0.0993,0.1205
0.7258,0.1348,0.1394
0.8329,0.1097,0.0574
0.7111,0.1584,0.1305
0.7736,0.1092,0.1172
0.7858,0.131,0.0832
0.8064,0.1298,0.0638
0.7038,0.1874,0.1088
0.7371,0.1769,0.086
0.7008,0.1513,0.1479
0.7325,0.1395,0.128
0.8984,0.0181,0.0835
0.9908,0.0092,0
0.9895,0.0105,0
0.7377,0.0822,0.1801
0.7116,0.1829,0.1055
0.7335,0.0466,0.2199
0.7189,0.1065,0.1746
0.7122,0.1595,0.1283
0.7112,0.0781,0.2107
0.7057,0.1175,0.1768
0.8017,0.1244,0.0739
0.7597,0.13,0.1103
0.7523,0.1463,0.1014
0.7301,0.1454,0.1245
0.7006,0.1441,0.1553
0.895,0.0772,0.0278
0.76,0.1268,0.1132
0.8264,0.1078,0.0658
0.7443,0.127,0.1287
0.7333,0.2455,0.0212
0.909,0.0477,0.0433
0.7573,0.1249,0.1178
0.706,0.1031,0.1909
0.8962,0.088,0.0158
0.8342,0.0807,0.0851
0.7504,0.17,0.0796
0.8658,0.0746,0.0596
0.791,0.1221,0.0869
0.993,0.0034,0.0036
0.9301,0.0599,0.01
0.7941,0.172,0.0339
0.7037,0.0882,0.2081
0.966,0.0262,0.0078
0.9017,0.009,0.0893
0.9009,0.0645,0.0346
0.8116,0.0715,0.1169
0.7114,0.173,0.1156
0.888,0.0573,0.0547
0.8807,0.0447,0.0746
0.7429,0.1204,0.1367
0.7156,0.1424,0.142
1,0,0
1,0,0
1,0,0
0.9054,0.0685,0.0261
0.7618,0.1436,0.0946
0.738,0.0609,0.2011
0.7534,0.091,0.1556
0.7915,0.0856,0.1229
0.7619,0.1243,0.1138
0.7154,0.1042,0.1804
0.914,0.045,0.041
0.7036,0.12,0.1764
0.9217,0.0464,0.0319
0.7307,0.127,0.1423
0.9784,0.0197,0.0019
0.8128,0.0657,0.1215
0.7064,0.1538,0.1398
0.9666,0.0169,0.0165
0.7677,0.231,0.0013
0.9123,0.0731,0.0146
0.7623,0.149,0.0887
0.749,0.1286,0.1224
0.7486,0.1941,0.0573
0.7102,0.1797,0.1101
0.7343,0.1516,0.1141
0.7414,0.1905,0.0681
0.8165,0.0913,0.0922
0.7717,0.1665,0.0618
0.7221,0.1825,0.0954
0.8924,0.0637,0.0439
0.7866,0.1828,0.0306
0.7033,0.0968,0.1999
0.7077,0.154,0.1383
0.8693,0.0701,0.0606
0.7762,0.0942,0.1296
0.7355,0.1609,0.1036
0.7418,0.1313,0.1269
0.7668,0.1341,0.0991
0.7288,0.1101,0.1611
0.7749,0.1069,0.1182
0.7265,0.0771,0.1964
0.742,0.1402,0.1178
1,0,0
0.8661,0.0652,0.0687
0.7816,0.1208,0.0976
0.7629,0.1209,0.1162
0.7259,0.1631,0.111
0.712,0.1164,0.1716
0.738,0.1801,0.0819
0.7205,0.2004,0.0791
0.7611,0.0247,0.2142
0.711,0.2628,0.0262
0.7684,0.0494,0.1822
0.9084,0.0473,0.0443
0.7403,0.0938,0.1659
1,0,0
0.9996,0,4.00E-04
0.9995,5.00E-04,0
0.9962,0.0026,0.0012
0.9911,0.0077,0.0012
0.9206,0.0341,0.0453
0.8911,0.0623,0.0466
0.824,0.0659,0.1101
0.8132,0.095,0.0918
0.8899,0.0823,0.0278
0.8529,0.0679,0.0792
0.7009,0.1406,0.1585
0.7302,0.166,0.1038
0.7096,0.1163,0.1741
0.8272,0.1689,0.0039
0.7114,0.1027,0.1859
1,0,0
1,0,0
0.776,0.0902,0.1338
0.9593,0.0306,0.0101
0.7565,0.1153,0.1282
0.7145,0.1971,0.0884
0.9788,0.0092,0.012
0.9605,0.0297,0.0098
0.9518,0.0481,1.00E-04
0.8668,0.0535,0.0797
0.8551,0.0223,0.1226
0.8406,0.1361,0.0233
0.783,0.2043,0.0127
0.7652,0.0651,0.1697
0.829,0.0884,0.0826
0.7909,0.1124,0.0967
0.7758,0.1191,0.1051
0.7032,0.1763,0.1205
0.7,0.2922,0.0078
0.7716,0.141,0.0874
0.7678,0.0967,0.1355
0.9927,0,0.0073
0.9089,0.0332,0.0579
0.9054,0.05,0.0446
0.7987,0.1444,0.0569
0.9846,0.0079,0.0075
0.9563,0.02,0.0237
0.8783,0.0736,0.0481
0.867,0.0491,0.0839
0.7205,0.1419,0.1376
0.7977,0.0906,0.1117
0.7252,0.1284,0.1464
0.7058,0.1614,0.1328
0.999,7.00E-04,3.00E-04
1,0,0
0.9652,0.0255,0.0093
0.9489,0.0432,0.0079
0.9373,0.0546,0.0081
0.9353,0.033,0.0317
0.9223,0.068,0.0097
0.8743,0.0822,0.0435
0.8725,0.0723,0.0552
0.8512,0.1335,0.0153
0.8192,0.046,0.1348
0.8029,0.1929,0.0042
0.7826,0.1745,0.0429
0.7218,0.2542,0.024
0.943,0,0.057
0.7931,0.1753,0.0316
0.7283,0.1273,0.1444
0.9431,0.0415,0.0154
0.929,0.0568,0.0142
0.8635,0.0887,0.0478
0.841,0.0948,0.0642
0.8228,0.1219,0.0553
0.8081,0.0934,0.0985
0.8047,0.1584,0.0369
0.8035,0.1171,0.0794
0.7613,0.068,0.1707
0.7215,0.2172,0.0613
0.7417,0.1326,0.1257
0.9809,0.0191,0
0.9804,0.0135,0.0061
0.9867,0.0021,0.0112
0.7008,0.0884,0.2108
0.7439,0.1911,0.065
0.8101,0.0827,0.1072
0.7846,0.1875,0.0279
0.9684,0.0226,0.009
0.9557,0.0138,0.0305
0.8865,0.0572,0.0563
0.7065,0.1714,0.1221
0.8512,0.1376,0.0112
1,0,0
1,0,0
1,0,0
0.9853,0.002,0.0127
0.7856,0.1371,0.0773
0.7697,0.1705,0.0598
0.7687,0.1328,0.0985
1,0,0
1,0,0
1,0,0
1,0,0
1,0,0
1,0,0
1,0,0
1,0,0
1,0,0
1,0,0
1,0,0
1,0,0
1,0,0
1,0,0
1,0,0
1,0,0
1,0,0
1,0,0
1,0,0
1,0,0
1,0,0
1,0,0
1,0,0
1,0,0
1,0,0
1,0,0
1,0,0
1,0,0
1,0,0
1,0,0
1,0,0
1,0,0
1,0,0
1,0,0
1,0,0
1,0,0
1,0,0
1,0,0
1,0,0
1,0,0
1,0,0
1,0,0
1,0,0
1,0,0
1,0,0
1,0,0
1,0,0
1,0,0
1,0,0
1,0,0
1,0,0
1,0,0
1,0,0
1,0,0
1,0,0
1,0,0
1,0,0
1,0,0
1,0,0
1,0,0
1,0,0
1,0,0
1,0,0
1,0,0
1,0,0
1,0,0
1,0,0
0.9998,2.00E-04,0
0.9997,3.00E-04,0
0.9993,0,7.00E-04
0.9988,9.00E-04,3.00E-04
0.9982,0.0012,6.00E-04
0.9981,0.0019,0
0.9966,0.0022,0.0012
0.9958,0.0029,0.0013
0.9957,0.0036,7.00E-04
0.9956,0.0032,0.0012
0.9956,0.0034,0.001
0.9938,0.0038,0.0024
0.9931,0.0024,0.0045
0.9928,0,0.0072
0.9924,0,0.0076
0.9903,0.0053,0.0044
0.9898,0.0056,0.0046
0.9888,0.0086,0.0026
0.988,0,0.012
0.9876,0.0062,0.0062
0.9864,0.0124,0.0012
0.9862,0.0094,0.0044
0.9855,0.0089,0.0056
0.9852,0.0132,0.0016
0.985,0.0106,0.0044
0.9846,0.0083,0.0071
0.9833,0.0046,0.0121
0.9821,0.0082,0.0097
0.9816,0.0181,3.00E-04
0.9813,0.0113,0.0074
0.9812,0.0063,0.0125
0.981,0.0102,0.0088
0.9807,0.0073,0.012
0.9798,0.0145,0.0057
0.9797,0.007,0.0133
0.9789,0.0211,0
0.9782,0.0018,0.02
0.9769,0.0044,0.0187
0.9757,0.0121,0.0122
0.9751,0.0201,0.0048
0.974,0.0204,0.0056
0.9736,0.0221,0.0043
0.9736,0.0111,0.0153
0.9735,0.0238,0.0027
0.9721,0.0272,7.00E-04
0.971,0.0247,0.0043
0.9707,0.008,0.0213
0.9704,0.018,0.0116
0.9696,0.016,0.0144
0.9691,0.0109,0.02
0.9688,0.0269,0.0043
0.9687,0.0074,0.0239
0.968,0.0176,0.0144
0.9674,0.0063,0.0263
0.9668,0.0163,0.0169
0.9666,0.025,0.0084
0.9658,0.0244,0.0098
0.9649,0.0277,0.0074
0.9647,0.0353,0
0.9643,0.0357,0
0.964,0.029,0.007
0.9636,0.0093,0.0271
0.963,0,0.037
0.9625,0.0127,0.0248
0.9621,0.0256,0.0123
0.9617,0.0192,0.0191
0.9608,0.0192,0.02
0.9607,0.0305,0.0088
0.96,0.0306,0.0094
0.9595,0.0197,0.0208
0.9572,0.0111,0.0317
0.9569,0.0235,0.0196
0.9556,0.0444,0
0.9555,0.0117,0.0328
0.954,0.0088,0.0372
0.9537,0.0463,0
0.9518,0.0309,0.0173
0.951,0.0314,0.0176
0.9503,0.0395,0.0102
0.9495,0.0505,0
0.9486,0.0431,0.0083
0.9474,0.0171,0.0355
0.9473,0.0217,0.031
0.9472,0.0094,0.0434
0.9463,0.0324,0.0213
0.9458,0.0485,0.0057
0.9451,0.0549,0
0.945,0.0534,0.0016
0.9429,0.0282,0.0289
0.9428,0.0354,0.0218
0.942,0.0225,0.0355
0.9414,0.035,0.0236
0.9406,0.0057,0.0537
0.9398,0.048,0.0122
0.9377,0.0177,0.0446
0.9355,0.0463,0.0182
0.935,0.065,0
0.9343,0.036,0.0297
0.934,0.0398,0.0262
0.9298,0.0327,0.0375
0.9298,0.0289,0.0413
0.9287,0.0336,0.0377
0.9267,0.0411,0.0322
0.926,0.034,0.04
0.9257,0.0607,0.0136
0.9254,0.0302,0.0444
0.9249,0.0446,0.0305
0.9248,0.0333,0.0419
0.9244,0.0074,0.0682
0.9244,0.0392,0.0364
0.9236,0.0724,0.004
0.9228,0.0347,0.0425
0.9223,0.0114,0.0663
0.9217,0.0353,0.043
0.9214,0.0478,0.0308
0.9205,0.0517,0.0278
0.9204,0.0597,0.0199
0.9194,0.0476,0.033
0.9184,0.0492,0.0324
0.9182,0.0455,0.0363
0.9173,0.0408,0.0419
0.9166,0.0649,0.0185
0.9162,0.0272,0.0566
0.9154,0.0523,0.0323
0.915,0.0504,0.0346
0.9143,0.0364,0.0493
0.9136,0.0264,0.06
0.9134,0.0617,0.0249
0.9118,0.0533,0.0349
0.9116,0.0579,0.0305
0.9114,0.034,0.0546
0.9109,0.0866,0.0025
0.9109,0.0476,0.0415
0.9107,0.0634,0.0259
0.9102,0.0555,0.0343
0.91,0.0326,0.0574
0.9091,0.069,0.0219
0.9086,0.0081,0.0833
0.9068,0.0154,0.0778
0.9063,0.0827,0.011
0.9058,0.0312,0.063
0.9056,0.0365,0.0579
0.9053,0.0041,0.0906
0.9053,0.0431,0.0516
0.9052,0.0415,0.0533
0.9051,0.0949,0
0.905,0.0455,0.0495
0.9034,0.0374,0.0592
0.9032,0.0656,0.0312
0.9021,0.0623,0.0356
0.901,0.05,0.049
0.9009,0.092,0.0071
0.9008,0.0178,0.0814
0.9006,0.0707,0.0287
0.8981,0.0584,0.0435
0.8973,0.0707,0.032
0.8953,0.1047,0
0.8933,0.0239,0.0828
0.8921,0.0479,0.06
0.892,0.0272,0.0808
0.8919,0.054,0.0541
0.8917,0.0332,0.0751
0.8907,0.0302,0.0791
0.8906,0.0458,0.0636
0.8902,0.0754,0.0344
0.8892,0.051,0.0598
0.8887,0.0515,0.0598
0.8875,0.0951,0.0174
0.8875,0.0432,0.0693
0.8864,0.0857,0.0279
0.8863,0.0773,0.0364
0.8858,0.0488,0.0654
0.8853,0.0674,0.0473
0.8853,0.1147,0
0.8825,0.109,0.0085
0.8822,0.0218,0.096
0.879,0.0807,0.0403
0.8785,0.1215,0
0.8777,0.0269,0.0954
0.8774,0.0454,0.0772
0.877,0.0881,0.0349
0.8765,0.0993,0.0242
0.8763,0.0356,0.0881
0.8762,0.0464,0.0774
0.8735,0.0747,0.0518
0.873,0.0734,0.0536
0.8726,0.0757,0.0517
0.8726,0.0767,0.0507
0.8721,0.0961,0.0318
0.871,0.0779,0.0511
0.8696,0.103,0.0274
0.8687,0.0542,0.0771
0.8679,0.0949,0.0372
0.8678,0.07,0.0622
0.8672,0.0533,0.0795
0.8667,0.0253,0.108
0.866,0.0779,0.0561
0.8645,0.0594,0.0761
0.8631,0.0895,0.0474
0.8624,0.0638,0.0738
0.8616,0.0691,0.0693
0.8593,0.0359,0.1048
0.8591,0.0914,0.0495
0.8582,0.0712,0.0706
0.8581,0.0305,0.1114
0.8558,0.084,0.0602
0.8555,0.0685,0.076
0.855,0.0553,0.0897
0.8541,0.0611,0.0848
0.8532,0.1121,0.0347
0.8528,0.0293,0.1179
0.852,0.0713,0.0767
0.8519,0.0724,0.0757
0.8513,0.0808,0.0679
0.8511,0.0732,0.0757
0.8506,0.0935,0.0559
0.8506,0.0952,0.0542
0.8503,0.0725,0.0772
0.8498,0.0807,0.0695
0.849,0.1052,0.0458
0.849,0.1014,0.0496
0.8484,0.0898,0.0618
0.848,0.0754,0.0766
0.8477,0.103,0.0493
0.8461,0.063,0.0909
0.8449,0.0989,0.0562
0.8427,0.0565,0.1008
0.8421,0.1061,0.0518
0.8419,0.1477,0.0104
0.8399,0.0483,0.1118
0.8397,0.0987,0.0616
0.8397,0.085,0.0753
0.8394,0.14,0.0206
0.8391,0.047,0.1139
0.8387,0.1094,0.0519
0.8386,0.062,0.0994
0.8375,0.0711,0.0914
0.8355,0.1075,0.057
0.8354,0.0896,0.075
0.8349,0.0966,0.0685
0.8346,0.0565,0.1089
0.8342,0,0.1658
0.8335,0.0571,0.1094
0.8329,0.0559,0.1112
0.8328,0.0985,0.0687
0.8312,0.125,0.0438
0.831,0.0919,0.0771
0.8307,0.108,0.0613
0.8305,0.0488,0.1207
0.8303,0,0.1697
0.8296,0.1377,0.0327
0.8289,0.1152,0.0559
0.8284,0.0861,0.0855
0.8284,0.1006,0.071
0.8271,0.1099,0.063
0.8269,0.0888,0.0843
0.8265,0.0982,0.0753
0.8264,0.1552,0.0184
0.8257,0.1268,0.0475
0.8256,0.1305,0.0439
0.8248,0.1048,0.0704
0.8244,0.0493,0.1263
0.8239,0.0794,0.0967
0.823,0.0648,0.1122
0.8215,0.1423,0.0362
0.8213,0.0552,0.1235
0.8211,0.0874,0.0915
0.821,0.1273,0.0517
0.8189,0.0967,0.0844
0.8187,0.1546,0.0267
0.8183,0.1139,0.0678
0.818,0.0534,0.1286
0.8179,0.0457,0.1364
0.8174,0.1072,0.0754
0.8172,0.0626,0.1202
0.8169,0.1105,0.0726
0.8165,0.0779,0.1056
0.8158,0.0926,0.0916
0.8158,0.1438,0.0404
0.8157,0.1256,0.0587
0.8144,0.1096,0.076
0.8136,0.1212,0.0652
0.8135,0.0913,0.0952
0.8133,0.0867,0.1
0.8133,0.1021,0.0846
0.8123,0.1792,0.0085
0.8123,0.077,0.1107
0.8117,0.093,0.0953
0.8116,0.0263,0.1621
0.8115,0.0907,0.0978
0.8113,0.0764,0.1123
0.8106,0.1102,0.0792
0.8104,0.062,0.1276
0.8104,0.0832,0.1064
0.8102,0.1767,0.0131
0.8101,0.1168,0.0731
0.8101,0.1156,0.0743
0.8092,0.073,0.1178
0.8092,0.1,0.0908
0.8084,0.1261,0.0655
0.8081,0.1517,0.0402
0.808,0.1183,0.0737
0.8072,0.1481,0.0447
0.8063,0.1091,0.0846
0.8061,0.0707,0.1232
0.8059,0.1125,0.0816
0.8056,0.0878,0.1066
0.805,0.0644,0.1306
0.805,0.1468,0.0482
0.8049,0.0616,0.1335
0.8044,0.07,0.1256
0.8043,0.1388,0.0569
0.8039,0.0748,0.1213
0.8037,0.0764,0.1199
0.8036,0.0572,0.1392
0.8032,0.1028,0.094
0.8032,0.1077,0.0891
0.8028,0.0703,0.1269
0.8025,0.1053,0.0922
0.8019,0.1067,0.0914
0.8017,0.1181,0.0802
0.8012,0.1126,0.0862
0.801,0.1129,0.0861
0.7997,0.1239,0.0764
0.7996,0.145,0.0554
0.7993,0.1722,0.0285
0.7992,0.1739,0.0269
0.7991,0.0829,0.118
0.7989,0.1159,0.0852
0.7986,0.0594,0.142
0.7981,0.1611,0.0408
0.7977,0.11,0.0923
0.7971,0.0706,0.1323
0.7965,0.1487,0.0548
0.7965,0.1553,0.0482
0.7962,0.0503,0.1535
0.7961,0.1049,0.099
0.7956,0.0801,0.1243
0.7954,0.0344,0.1702
0.7952,0.1297,0.0751
0.7949,0.2051,0
0.7948,0.0705,0.1347
0.7946,0.0839,0.1215
0.7941,0.0752,0.1307
0.794,0.1614,0.0446
0.7933,0.1272,0.0795
0.7927,0.1082,0.0991
0.7926,0.111,0.0964
0.7925,0.0619,0.1456
0.7925,0.1733,0.0342
0.7924,0.1181,0.0895
0.7921,0.118,0.0899
0.792,0.0892,0.1188
0.7919,0.0566,0.1515
0.791,0.1156,0.0934
0.791,0.0468,0.1622
0.7909,0.1307,0.0784
0.7907,0.1216,0.0877
0.7904,0.0591,0.1505
0.7901,0.1237,0.0862
0.7901,0.0674,0.1425
0.7898,0.0783,0.1319
0.7888,0.0467,0.1645
0.7886,0.1428,0.0686
0.7884,0.0864,0.1252
0.7882,0.0706,0.1412
0.7879,0.1179,0.0942
0.7867,0.198,0.0153
0.7865,0.1675,0.046
0.7863,0.0872,0.1265
0.7857,0.0054,0.2089
0.7854,0.1682,0.0464
0.7849,0.1437,0.0714
0.7844,0.1213,0.0943
0.7842,0.1337,0.0821
0.783,0.1107,0.1063
0.7828,0.0711,0.1461
0.7826,0.1105,0.1069
0.7825,0.0297,0.1878
0.7825,0.0718,0.1457
0.7822,0.0893,0.1285
0.7821,0.1255,0.0924
0.7819,0.2017,0.0164
0.7814,0.1946,0.024
0.7811,0.1278,0.0911
0.7802,0.0584,0.1614
0.7801,0.1765,0.0434
0.7801,0.0846,0.1353
0.7797,0.1505,0.0698
0.7795,0.1359,0.0846
0.7789,0.1325,0.0886
0.7789,0.1305,0.0906
0.7788,0.1165,0.1047
0.7787,0.0347,0.1866
0.7786,0.0745,0.1469
0.7783,0.0705,0.1512
0.7782,0.1803,0.0415
0.7782,0.1802,0.0416
0.7782,0.0933,0.1285
0.778,0.1478,0.0742
0.778,0.1225,0.0995
0.7778,0.1935,0.0287
0.7775,0.1194,0.1031
0.7775,0.1501,0.0724
0.7775,0.1461,0.0764
0.7773,0.1045,0.1182
0.7772,0.1611,0.0617
0.7771,0.1149,0.108
0.7759,0.0783,0.1458
0.7755,0.1545,0.07
0.7753,0.1005,0.1242
0.7752,0.1276,0.0972
0.7747,0.1115,0.1138
0.7745,0.1928,0.0327
0.7744,0.0628,0.1628
0.7743,0.1309,0.0948
0.7742,0.1478,0.078
0.7732,0.0517,0.1751
0.7731,0.1765,0.0504
0.7726,0.0137,0.2137
0.772,0.027,0.201
0.7714,0.1036,0.125
0.7709,0.1107,0.1184
0.7708,0.099,0.1302
0.7694,0.1971,0.0335
0.7693,0.1464,0.0843
0.7693,0.1009,0.1298
0.7693,0.1751,0.0556
0.7687,0.167,0.0643
0.7683,0.163,0.0687
0.7671,0.1432,0.0897
0.7658,0.14,0.0942
0.7654,0.1127,0.1219
0.7653,0.1712,0.0635
0.7643,0.1104,0.1253
0.7631,0.132,0.1049
0.7627,0.0614,0.1759
0.7627,0.1032,0.1341
0.7626,0.2339,0.0035
0.7622,0.1494,0.0884
0.7618,0.1146,0.1236
0.7615,0.0641,0.1744
0.7615,0.1157,0.1228
0.7613,0.1287,0.11
0.7605,0.1149,0.1246
0.76,0.1634,0.0766
0.76,0.0726,0.1674
0.7598,0.1112,0.129
0.7597,0.1354,0.1049
0.7593,0.1155,0.1252
0.7588,0.0588,0.1824
0.7587,0.0992,0.1421
0.7586,0.1109,0.1305
0.7581,0.2097,0.0322
0.7574,0.1368,0.1058
0.7563,0.1632,0.0805
0.7556,0.2146,0.0298
0.7555,0.2073,0.0372
0.7553,0.1693,0.0754
0.755,0.0458,0.1992
0.7546,0.1614,0.084
0.7545,0.1194,0.1261
0.7544,0.2262,0.0194
0.7536,0.129,0.1174
0.7535,0.2197,0.0268
0.7525,0.1737,0.0738
0.7516,0.1173,0.1311
0.7511,0.1324,0.1165
0.7505,0.2161,0.0334
0.7502,0.1117,0.1381
0.7489,0,0.2511
0.7489,0.1609,0.0902
0.7483,0.1391,0.1126
0.7482,0.0577,0.1941
0.7477,0.2124,0.0399
0.7469,0.1025,0.1506
0.7468,0.1183,0.1349
0.7468,0.1586,0.0946
0.7466,0.1563,0.0971
0.7465,0.0884,0.1651
0.7465,0.117,0.1365
0.746,0.1584,0.0956
0.746,0.1484,0.1056
0.7454,0.1327,0.1219
0.7451,0.0576,0.1973
0.745,0.091,0.164
0.7449,0.1796,0.0755
0.7449,0.0976,0.1575
0.7449,0.1963,0.0588
0.7447,0.1807,0.0746
0.7446,0.1534,0.102
0.7444,0.1189,0.1367
0.7439,0.2508,0.0053
0.7436,0.1555,0.1009
0.7428,0.0746,0.1826
0.7425,0.1077,0.1498
0.7425,0.1451,0.1124
0.7424,0.1614,0.0962
0.7423,0.0651,0.1926
0.7417,0.1055,0.1528
0.7416,0.0866,0.1718
0.7411,0.0924,0.1665
0.7408,0.0572,0.202
0.7406,0.1234,0.136
0.7404,0.1223,0.1373
0.7401,0.1209,0.139
0.7396,0.0903,0.1701
0.7396,0.1604,0.1
0.7393,0.1197,0.141
0.739,0.16,0.101
0.7388,0.0877,0.1735
0.7388,0.1216,0.1396
0.7388,0.1343,0.1269
0.7385,0.0849,0.1766
0.7385,0.075,0.1865
0.7384,0.132,0.1296
0.7383,0.1414,0.1203
0.738,0.1523,0.1097
0.7379,0.1788,0.0833
0.7376,0.1442,0.1182
0.7374,0.1251,0.1375
0.7372,0.1752,0.0876
0.7371,0.108,0.1549
0.737,0.1348,0.1282
0.7366,0.1302,0.1332
0.7364,0.1316,0.132
0.7364,0.0951,0.1685
0.7352,0.1555,0.1093
0.7352,0.2004,0.0644
0.7349,0.0977,0.1674
0.7343,0.179,0.0867
0.7342,0.0948,0.171
0.7338,0.1714,0.0948
0.7337,0.0787,0.1876
0.7336,0.1171,0.1493
0.7334,0.1075,0.1591
0.7331,0.1257,0.1412
0.7325,0.112,0.1555
0.7324,0.199,0.0686
0.7313,0.1285,0.1402
0.7308,0.123,0.1462
0.7304,0.227,0.0426
0.7301,0.0837,0.1862
0.7298,0.1385,0.1317
0.7294,0.1335,0.1371
0.7293,0.1558,0.1149
0.7292,0.1929,0.0779
0.7289,0.194,0.0771
0.7288,0.1656,0.1056
0.7284,0.1596,0.112
0.7281,0.1107,0.1612
0.7279,0.104,0.1681
0.7277,0.1258,0.1465
0.7277,0.1364,0.1359
0.7274,0.1389,0.1337
0.7274,0.106,0.1666
0.7269,0.0983,0.1748
0.7266,0.1609,0.1125
0.7262,0.2428,0.031
0.7261,0.1636,0.1103
0.726,0.1494,0.1246
0.7259,0.1687,0.1054
0.725,0.2288,0.0462
0.7247,0.0965,0.1788
0.7246,0.1434,0.132
0.7245,0.1263,0.1492
0.7239,0.1047,0.1714
0.7237,0.0658,0.2105
0.7237,0.1419,0.1344
0.7232,0.0781,0.1987
0.7232,0.2323,0.0445
0.7231,0.2078,0.0691
0.7228,0.2176,0.0596
0.7227,0.1311,0.1462
0.7227,0.1226,0.1547
0.7226,0.148,0.1294
0.7224,0.148,0.1296
0.7223,0.1123,0.1654
0.7222,0.1081,0.1697
0.7215,0.1727,0.1058
0.7214,0.1467,0.1319
0.7211,0.1768,0.1021
0.7209,0.0578,0.2213
0.7205,0.1452,0.1343
0.7205,0.13,0.1495
0.7197,0.0907,0.1896
0.7195,0.2088,0.0717
0.7195,0.1186,0.1619
0.7189,0.1221,0.159
0.7188,0.0931,0.1881
0.7187,0.1238,0.1575
0.7183,0.1326,0.1491
0.718,0.0835,0.1985
0.7177,0.1359,0.1464
0.7176,0.1811,0.1013
0.7171,0.1352,0.1477
0.7171,0.08,0.2029
0.7166,0.1836,0.0998
0.7163,0.1402,0.1435
0.7162,0.1804,0.1034
0.7162,0.0693,0.2145
0.7158,0.1193,0.1649
0.7157,0.2037,0.0806
0.7156,0.1742,0.1102
0.7155,0.1052,0.1793
0.7149,0.1179,0.1672
0.7147,0.1273,0.158
0.7145,0.1163,0.1692
0.7144,0.1461,0.1395
0.714,0.1054,0.1806
0.7131,0.151,0.1359
0.713,0.2746,0.0124
0.7128,0.1551,0.1321
0.7127,0.1436,0.1437
0.7125,0.1702,0.1173
0.7124,0.1621,0.1255
0.7123,0.0911,0.1966
0.7121,0.1319,0.156
0.7121,0.1208,0.1671
0.7121,0.1539,0.134
0.7118,0.1426,0.1456
0.7118,0.2166,0.0716
0.7114,0.0399,0.2487
0.7113,0.1195,0.1692
0.7113,0.1365,0.1522
0.7104,0.1752,0.1144
0.7103,0.0994,0.1903
0.7101,0.1482,0.1417
0.7101,0.1398,0.1501
0.7095,0.1856,0.1049
0.7095,0.0956,0.1949
0.7094,0.2059,0.0847
0.7093,0.1187,0.172
0.7092,0.1879,0.1029
0.7089,0.0405,0.2506
0.7086,0.1145,0.1769
0.7082,0.1216,0.1702
0.7082,0.1093,0.1825
0.7078,0.1247,0.1675
0.7078,0.1101,0.1821
0.7076,0.1458,0.1466
0.7076,0.1177,0.1747
0.7075,0.2086,0.0839
0.7074,0.0962,0.1964
0.7073,0.2854,0.0073
0.7073,0.1498,0.1429
0.7073,0.2527,0.04
0.7073,0.1068,0.1859
0.7072,0.1582,0.1346
0.7072,0.1229,0.1699
0.7069,0.1568,0.1363
0.7068,0.1044,0.1888
0.7068,0.094,0.1992
0.7067,0.1324,0.1609
0.7064,0.1404,0.1532
0.7061,0.1657,0.1282
0.706,0.1109,0.1831
0.7056,0.1868,0.1076
0.7056,0.2529,0.0415
0.7053,0.1574,0.1373
0.7053,0.1896,0.1051
0.7051,0.1705,0.1244
0.705,0.1119,0.1831
0.7046,0.1359,0.1595
0.7045,0.1806,0.1149
0.7045,0.1643,0.1312
0.7044,0.095,0.2006
0.7041,0.1599,0.136
0.704,0.1892,0.1068
0.7039,0.2064,0.0897
0.7038,0.1154,0.1808
0.7038,0.2237,0.0725
0.7037,0.174,0.1223
0.7037,0.2053,0.091
0.7036,0.1348,0.1616
0.7034,0.2446,0.052
0.7032,0.1561,0.1407
0.7027,0.1703,0.127
0.7027,0.1322,0.1651
0.7026,0.176,0.1214
0.7025,0.1558,0.1417
0.7017,0.1204,0.1779
0.7017,0.1373,0.161
0.7015,0.276,0.0225
0.7013,0.0818,0.2169
0.7011,0.0294,0.2695
0.7002,0.1581,0.1417
0.7,0.1184,0.1816
0.7,0.1666,0.1334
0.239,0.4665,0.2945
0.517,0.3272,0.1558
0.4522,0.35,0.1978
0.3985,0.3026,0.2989
0.3426,0.1752,0.4822
0.3167,0.282,0.4013
0.3136,0.4599,0.2265
0.3026,0.4831,0.2143
0.2982,0.5425,0.1593
0.2295,0.3543,0.4162
0.2285,0.459,0.3125
0.1959,0.7194,0.0847
0.1726,0.6805,0.1469
0.1354,0.5365,0.3281
0.1305,0.6826,0.1869
0.1109,0.7175,0.1716
0.6104,0.2115,0.1781
0.5183,0.2444,0.2373
0.4602,0.3351,0.2047
0.4341,0.2386,0.3273
0.4307,0.3264,0.2429
0.3926,0.1983,0.4091
0.389,0.3875,0.2235
0.3463,0.3086,0.3451
0.3436,0.2305,0.4259
0.3424,0.2135,0.4441
0.3419,0.2731,0.385
0.3182,0.3665,0.3153
0.2789,0.3305,0.3906
0.2775,0.2021,0.5204
0.268,0.3303,0.4017
0.2672,0.4299,0.3029
0.2641,0.3719,0.364
0.2589,0.4514,0.2897
0.2466,0.3017,0.4517
0.2271,0.395,0.3779
0.2263,0.3744,0.3993
0.197,0.5352,0.2678
0.1847,0.2093,0.606
0.1775,0.4798,0.3427
0.1238,0.4902,0.386
0.4778,0.346,0.1762
0.4042,0.3435,0.2523
0.3273,0.3422,0.3305
0.2794,0.4329,0.2877
0.2785,0.3605,0.361
0.2208,0.4332,0.346
0.1934,0.5757,0.2309
0.1435,0.522,0.3345
NA,NA,NA
NA,NA,NA
NA,NA,NA
NA,NA,NA
NA,NA,NA
NA,NA,NA
NA,NA,NA
NA,NA,NA
0.699,0.148,0.153
0.697,0.1759,0.1271
0.6931,0.182,0.1249
0.6871,0.1572,0.1557
0.6748,0.264,0.0612
0.6716,0.1826,0.1458
0.658,0.1647,0.1773
0.6532,0.2067,0.1401
0.6524,0.1895,0.1581
0.6498,0.1759,0.1743
0.6474,0.1843,0.1683
0.6394,0.1496,0.211
0.6378,0.1902,0.172
0.6298,0.2823,0.0879
0.6235,0.2235,0.153
0.6194,0.1755,0.2051
0.6172,0.1897,0.1931
0.6108,0.2274,0.1618
0.6074,0.1667,0.2259
0.6064,0.1479,0.2457
0.5923,0.233,0.1747
0.5815,0.2115,0.207
0.5809,0.3332,0.0859
0.5798,0.2374,0.1828
0.579,0.2927,0.1283
0.5765,0.1912,0.2323
0.568,0.2405,0.1915
0.5652,0.2692,0.1656
0.5621,0.2018,0.2361
0.5585,0.2958,0.1457
0.5567,0.245,0.1983
0.5508,0.1789,0.2703
0.5504,0.1352,0.3144
0.5456,0.1478,0.3066
0.5453,0.1764,0.2783
0.5418,0.4154,0.0428
0.5413,0.2021,0.2566
0.5412,0.1593,0.2995
0.5407,0.1492,0.3101
0.5386,0.1749,0.2865
0.5384,0.2466,0.215
0.5381,0.2887,0.1732
0.5337,0.1376,0.3287
0.5307,0.2272,0.2421
0.5298,0.179,0.2912
0.5295,0.2108,0.2597
0.5291,0.2124,0.2585
0.5289,0.2241,0.247
0.5285,0.2203,0.2512
0.5279,0.2401,0.232
0.5265,0.364,0.1095
0.522,0.2102,0.2678
0.5147,0.1961,0.2892
0.514,0.2814,0.2046
0.5138,0.1162,0.37
0.5138,0.2657,0.2205
0.5109,0.2502,0.2389
0.5104,0.2617,0.2279
0.5087,0.2544,0.2369
0.5077,0.2201,0.2722
0.5057,0.2191,0.2752
0.5053,0.2244,0.2703
0.5045,0.2282,0.2673
0.5042,0.2673,0.2285
0.5021,0.1451,0.3528
0.5019,0.2445,0.2536
0.5008,0.1196,0.3796
0.5,0.2518,0.2482
0.4982,0.2104,0.2914
0.4968,0.2802,0.223
0.4942,0.2361,0.2697
0.4936,0.2538,0.2526
0.4921,0.2665,0.2414
0.4894,0.2462,0.2644
0.4892,0.2919,0.2189
0.4879,0.1969,0.3152
0.4876,0.2909,0.2215
0.4872,0.2468,0.266
0.4849,0.2618,0.2533
0.4844,0.199,0.3166
0.4837,0.2169,0.2994
0.4809,0.2048,0.3143
0.4804,0.198,0.3216
0.4796,0.2382,0.2822
0.4788,0.2436,0.2776
0.4758,0.1925,0.3317
0.475,0.2705,0.2545
0.4748,0.2099,0.3153
0.4745,0.2998,0.2257
0.4732,0.2049,0.3219
0.4727,0.2887,0.2386
0.4705,0.209,0.3205
0.4699,0.2346,0.2955
0.4692,0.3006,0.2302
0.4682,0.2775,0.2543
0.4678,0.2109,0.3213
0.4673,0.2553,0.2774
0.4672,0.1392,0.3936
0.465,0.2982,0.2368
0.4649,0.2886,0.2465
0.4643,0.2695,0.2662
0.4642,0.386,0.1498
0.4626,0.2607,0.2767
0.4614,0.2749,0.2637
0.4599,0.1269,0.4132
0.4597,0.2657,0.2746
0.4595,0.2634,0.2771
0.4595,0.1624,0.3781
0.4594,0.2526,0.288
0.458,0.2049,0.3371
0.4579,0.3389,0.2032
0.4574,0.4423,0.1003
0.4572,0.2415,0.3013
0.4569,0.3015,0.2416
0.4567,0.1614,0.3819
0.456,0.1912,0.3528
0.4544,0.2544,0.2912
0.4543,0.1932,0.3525
0.4536,0.2366,0.3098
0.4536,0.2928,0.2536
0.4528,0.3119,0.2353
0.4528,0.2944,0.2528
0.4527,0.2109,0.3364
0.4525,0.2445,0.303
0.4515,0.2822,0.2663
0.4514,0.2741,0.2745
0.4513,0.2762,0.2725
0.4507,0.2875,0.2618
0.4495,0.282,0.2685
0.4482,0.2311,0.3207
0.4472,0.3481,0.2047
0.4467,0.2858,0.2675
0.4466,0.2704,0.283
0.4457,0.3218,0.2325
0.4456,0.2255,0.3289
0.4443,0.2772,0.2785
0.444,0.1991,0.3569
0.4436,0.3419,0.2145
0.4435,0.3132,0.2433
0.4428,0.3701,0.1871
0.4414,0.2887,0.2699
0.4413,0.2294,0.3293
0.4412,0.2911,0.2677
0.4408,0.1679,0.3913
0.4399,0.2527,0.3074
0.4397,0.2639,0.2964
0.4397,0.249,0.3113
0.4395,0.1851,0.3754
0.4395,0.365,0.1955
0.4386,0.1969,0.3645
0.4384,0.1552,0.4064
0.4383,0.2758,0.2859
0.4371,0.2355,0.3274
0.4365,0.335,0.2285
0.4363,0.3032,0.2605
0.4361,0.2349,0.329
0.4359,0.1769,0.3872
0.4358,0.4392,0.125
0.4352,0.2763,0.2885
0.4348,0.2316,0.3336
0.434,0.2843,0.2817
0.4339,0.2795,0.2866
0.4337,0.2392,0.3271
0.4336,0.1688,0.3976
0.4325,0.2487,0.3188
0.432,0.2617,0.3063
0.4313,0.3502,0.2185
0.4313,0.1469,0.4218
0.4312,0.2343,0.3345
0.4309,0.2266,0.3425
0.4309,0.3141,0.255
0.4307,0.298,0.2713
0.4298,0.4235,0.1467
0.4297,0.3534,0.2169
0.4294,0.2163,0.3543
0.4294,0.3448,0.2258
0.4291,0.2896,0.2813
0.4289,0.3026,0.2685
0.4287,0.2792,0.2921
0.4287,0.3716,0.1997
0.4277,0.2026,0.3697
0.4275,0.2944,0.2781
0.4271,0.2841,0.2888
0.4266,0.3916,0.1818
0.426,0.3099,0.2641
0.426,0.1105,0.4635
0.4255,0.3155,0.259
0.4254,0.3567,0.2179
0.4248,0.2848,0.2904
0.4247,0.3089,0.2664
0.4232,0.1396,0.4372
0.4231,0.3061,0.2708
0.4227,0.3908,0.1865
0.4225,0.3201,0.2574
0.4224,0.3979,0.1797
0.4222,0.2369,0.3409
0.4203,0.4258,0.1539
0.4197,0.2679,0.3124
0.4182,0.3283,0.2535
0.4181,0.2933,0.2886
0.4175,0.276,0.3065
0.417,0.323,0.26
0.4169,0.3757,0.2074
0.4168,0.3318,0.2514
0.4167,0.3381,0.2452
0.4167,0.4829,0.1004
0.4162,0.3359,0.2479
0.4158,0.2857,0.2985
0.4156,0.3201,0.2643
0.4155,0.376,0.2085
0.4153,0.3256,0.2591
0.4148,0.4011,0.1841
0.4147,0.0877,0.4976
0.4146,0.3903,0.1951
0.4145,0.4725,0.113
0.4144,0.3302,0.2554
0.4119,0.3186,0.2695
0.4114,0.3981,0.1905
0.4112,0.3577,0.2311
0.4107,0.3,0.2893
0.4106,0.2674,0.322
0.4105,0.4268,0.1627
0.41,0.3088,0.2812
0.4094,0.2231,0.3675
0.4084,0.2748,0.3168
0.4083,0.3158,0.2759
0.4081,0.4322,0.1597
0.4079,0.2253,0.3668
0.4074,0.2986,0.294
0.4068,0.384,0.2092
0.4065,0.2693,0.3242
0.4061,0.3006,0.2933
0.4047,0.3548,0.2405
0.4027,0.2327,0.3646
0.4017,0.3065,0.2918
0.4017,0.2139,0.3844
0.4011,0.3183,0.2806
0.4009,0.3331,0.266
0.4007,0.3546,0.2447
0.3999,0.3642,0.2359
0.3998,0.2271,0.3731
0.3994,0.295,0.3056
0.3992,0.3129,0.2879
0.399,0.3139,0.2871
0.3982,0.3221,0.2797
0.3979,0.2886,0.3135
0.3969,0.3602,0.2429
0.3968,0.3176,0.2856
0.3966,0.4625,0.1409
0.3966,0.2854,0.318
0.3964,0.4013,0.2023
0.3962,0.3087,0.2951
0.3947,0.3755,0.2298
0.3947,0.2055,0.3998
0.3939,0.3306,0.2755
0.3937,0.3763,0.23
0.3931,0.3034,0.3035
0.3927,0.2656,0.3417
0.3916,0.2441,0.3643
0.3912,0.3584,0.2504
0.3909,0.175,0.4341
0.3908,0.3243,0.2849
0.3905,0.2406,0.3689
0.3904,0.264,0.3456
0.3903,0.452,0.1577
0.3891,0.366,0.2449
0.389,0.2696,0.3414
0.3888,0.2638,0.3474
0.3884,0.1539,0.4577
0.3871,0.3023,0.3106
0.3869,0.2884,0.3247
0.3868,0.3176,0.2956
0.3863,0.3171,0.2966
0.3861,0.1809,0.433
0.3859,0.3122,0.3019
0.3858,0.2064,0.4078
0.3855,0.2522,0.3623
0.3855,0.3599,0.2546
0.3844,0.2796,0.336
0.3827,0.3264,0.2909
0.3822,0.2359,0.3819
0.3822,0.3911,0.2267
0.3819,0.2981,0.32
0.3815,0.263,0.3555
0.3811,0.3482,0.2707
0.381,0.3478,0.2712
0.38,0.4131,0.2069
0.38,0.4308,0.1892
0.3799,0.3479,0.2722
0.3788,0.3131,0.3081
0.378,0.3885,0.2335
0.3777,0.3858,0.2365
0.3775,0.3304,0.2921
0.3774,0.3867,0.2359
0.377,0.3,0.323
0.3764,0.393,0.2306
0.3758,0.3282,0.296
0.3747,0.26,0.3653
0.3746,0.1639,0.4615
0.3742,0.4204,0.2054
0.3738,0.3612,0.265
0.3737,0.4253,0.201
0.3734,0.3585,0.2681
0.3729,0.3681,0.259
0.3721,0.356,0.2719
0.3719,0.4447,0.1834
0.3715,0.273,0.3555
0.3715,0.3726,0.2559
0.3713,0.4114,0.2173
0.3711,0.3095,0.3194
0.371,0.2396,0.3894
0.3708,0.3604,0.2688
0.3707,0.2984,0.3309
0.3706,0.3305,0.2989
0.3705,0.2089,0.4206
0.3702,0.4123,0.2175
0.37,0.3217,0.3083
0.3695,0.3363,0.2942
0.3694,0.3772,0.2534
0.369,0.3194,0.3116
0.3687,0.2702,0.3611
0.3684,0.2543,0.3773
0.3684,0.3533,0.2783
0.3679,0.3842,0.2479
0.3675,0.3518,0.2807
0.3675,0.2608,0.3717
0.3668,0.2295,0.4037
0.3665,0.2391,0.3944
0.3664,0.2623,0.3713
0.3662,0.301,0.3328
0.3659,0.3493,0.2848
0.3657,0.4455,0.1888
0.3656,0.242,0.3924
0.3651,0.1017,0.5332
0.3649,0.3794,0.2557
0.3647,0.4785,0.1568
0.3646,0.3697,0.2657
0.3644,0.3751,0.2605
0.3644,0.3228,0.3128
0.3642,0.2963,0.3395
0.3641,0.3178,0.3181
0.3636,0.4663,0.1701
0.3634,0.3576,0.279
0.3634,0.3132,0.3234
0.3631,0.3451,0.2918
0.363,0.3477,0.2893
0.362,0.4665,0.1715
0.3618,0.2276,0.4106
0.3618,0.2491,0.3891
0.3617,0.3563,0.282
0.361,0.4306,0.2084
0.3606,0.1497,0.4897
0.3602,0.2562,0.3836
0.3601,0.3596,0.2803
0.3601,0.3158,0.3241
0.3594,0.3835,0.2571
0.3594,0.4029,0.2377
0.3591,0.3532,0.2877
0.3589,0.3658,0.2753
0.3587,0.2881,0.3532
0.3586,0.3944,0.247
0.3582,0.3927,0.2491
0.358,0.3095,0.3325
0.3571,0.3584,0.2845
0.3569,0.2589,0.3842
0.3563,0.1898,0.4539
0.3559,0.325,0.3191
0.3559,0.3236,0.3205
0.3558,0.3418,0.3024
0.3554,0.3758,0.2688
0.3554,0.1242,0.5204
0.3546,0.3398,0.3056
0.3546,0.3247,0.3207
0.3544,0.2933,0.3523
0.3541,0.3814,0.2645
0.354,0.3838,0.2622
0.3534,0.2865,0.3601
0.3533,0.3547,0.292
0.3533,0.3599,0.2868
0.3532,0.3321,0.3147
0.3531,0.2394,0.4075
0.3526,0.3893,0.2581
0.3526,0.3186,0.3288
0.3523,0.3138,0.3339
0.3523,0.3422,0.3055
0.3521,0.3868,0.2611
0.352,0.1818,0.4662
0.3518,0.3499,0.2983
0.3512,0.3162,0.3326
0.351,0.3546,0.2944
0.351,0.3607,0.2883
0.3501,0.4518,0.1981
0.3492,0.3931,0.2577
0.349,0.4043,0.2467
0.3486,0.324,0.3274
0.3477,0.2977,0.3546
0.3477,0.4103,0.242
0.3477,0.3604,0.2919
0.3476,0.4482,0.2042
0.3472,0.3267,0.3261
0.3472,0.3815,0.2713
0.3471,0.3642,0.2887
0.3471,0.2531,0.3998
0.3471,0.2024,0.4505
0.3468,0.2789,0.3743
0.3461,0.4422,0.2117
0.3459,0.2405,0.4136
0.3457,0.3995,0.2548
0.3457,0.1759,0.4784
0.3452,0.3348,0.32
0.3452,0.321,0.3338
0.3451,0.3907,0.2642
0.3451,0.3239,0.331
0.345,0.3195,0.3355
0.3448,0.3829,0.2723
0.3445,0.4039,0.2516
0.3443,0.366,0.2897
0.3442,0.333,0.3228
0.344,0.3908,0.2652
0.3438,0.4178,0.2384
0.3432,0.3309,0.3259
0.343,0.3967,0.2603
0.343,0.3928,0.2642
0.343,0.321,0.336
0.3427,0.3427,0.3146
0.3427,0.2419,0.4154
0.3426,0.4084,0.249
0.3426,0.3948,0.2626
0.3425,0.2616,0.3959
0.3425,0.3523,0.3052
0.3424,0.3254,0.3322
0.3419,0.4846,0.1735
0.3414,0.527,0.1316
0.3413,0.2745,0.3842
0.3412,0.3091,0.3497
0.341,0.2092,0.4498
0.3409,0.3401,0.319
0.3407,0.3465,0.3128
0.3407,0.4829,0.1764
0.3407,0.3959,0.2634
0.3405,0.2978,0.3617
0.3405,0.2856,0.3739
0.3405,0.1536,0.5059
0.3404,0.4083,0.2513
0.3402,0.1955,0.4643
0.3402,0.5021,0.1577
0.34,0.4461,0.2139
0.34,0.3463,0.3137
0.3397,0.3986,0.2617
0.3393,0.4398,0.2209
0.3391,0.338,0.3229
0.3388,0.4244,0.2368
0.3383,0.35,0.3117
0.3381,0.3418,0.3201
0.338,0.3171,0.3449
0.3378,0.3144,0.3478
0.3372,0.2844,0.3784
0.3365,0.2314,0.4321
0.336,0.263,0.401
0.3357,0.3514,0.3129
0.3353,0.3309,0.3338
0.3348,0.4988,0.1664
0.3348,0.3212,0.344
0.3341,0.2117,0.4542
0.3335,0.2646,0.4019
0.3332,0.3119,0.3549
0.3332,0.3197,0.3471
0.3331,0.4717,0.1952
0.333,0.2697,0.3973
0.3328,0.4134,0.2538
0.3327,0.3199,0.3474
0.3326,0.3193,0.3481
0.3325,0.3626,0.3049
0.3325,0.3472,0.3203
0.3324,0.2219,0.4457
0.3324,0.3419,0.3257
0.3322,0.2805,0.3873
0.3321,0.4177,0.2502
0.332,0.3577,0.3103
0.3318,0.3174,0.3508
0.3317,0.318,0.3503
0.3316,0.5136,0.1548
0.3315,0.4738,0.1947
0.3311,0.357,0.3119
0.331,0.259,0.41
0.3309,0.3746,0.2945
0.3309,0.3232,0.3459
0.3304,0.4314,0.2382
0.3298,0.5006,0.1696
0.3295,0.3755,0.295
0.3295,0.2181,0.4524
0.3294,0.3065,0.3641
0.3289,0.3341,0.337
0.3288,0.3652,0.306
0.3281,0.3088,0.3631
0.328,0.3992,0.2728
0.3278,0.342,0.3302
0.3278,0.395,0.2772
0.3277,0.2651,0.4072
0.3276,0.4198,0.2526
0.3272,0.4848,0.188
0.3271,0.403,0.2699
0.3266,0.2774,0.396
0.3264,0.2669,0.4067
0.3263,0.3842,0.2895
0.3261,0.3199,0.354
0.3261,0.4985,0.1754
0.3259,0.2786,0.3955
0.3259,0.3475,0.3266
0.3259,0.4861,0.188
0.3257,0.3418,0.3325
0.3252,0.3583,0.3165
0.3249,0.2932,0.3819
0.3244,0.3,0.3756
0.3243,0.478,0.1977
0.324,0.4543,0.2217
0.324,0.3408,0.3352
0.324,0.3112,0.3648
0.3237,0.4766,0.1997
0.3236,0.4003,0.2761
0.3236,0.295,0.3814
0.3231,0.3886,0.2883
0.3231,0.4064,0.2705
0.323,0.3009,0.3761
0.3227,0.3567,0.3206
0.3227,0.3312,0.3461
0.3224,0.4413,0.2363
0.322,0.3455,0.3325
0.3219,0.3092,0.3689
0.3218,0.2618,0.4164
0.3213,0.1609,0.5178
0.3209,0.2984,0.3807
0.3208,0.3206,0.3586
0.3206,0.5004,0.179
0.3205,0.3541,0.3254
0.3205,0.3326,0.3469
0.3204,0.4749,0.2047
0.3201,0.273,0.4069
0.319,0.3289,0.3521
0.3187,0.3626,0.3187
0.3187,0.2672,0.4141
0.3185,0.2066,0.4749
0.3182,0.2968,0.385
0.3182,0.3764,0.3054
0.3179,0.3074,0.3747
0.3179,0.352,0.3301
0.3179,0.204,0.4781
0.3177,0.4217,0.2606
0.3177,0.3198,0.3625
0.3174,0.3405,0.3421
0.3171,0.4357,0.2472
0.317,0.3626,0.3204
0.3167,0.3984,0.2849
0.3165,0.4427,0.2408
0.3163,0.4665,0.2172
0.3163,0.3598,0.3239
0.3161,0.2589,0.425
0.3158,0.3684,0.3158
0.3153,0.3541,0.3306
0.3153,0.432,0.2527
0.3152,0.3975,0.2873
0.3149,0.3597,0.3254
0.3149,0.4763,0.2088
0.3143,0.2894,0.3963
0.3142,0.541,0.1448
0.314,0.4013,0.2847
0.3139,0.1859,0.5002
0.3138,0.3555,0.3307
0.3137,0.403,0.2833
0.3135,0.4262,0.2603
0.3133,0.4077,0.279
0.3131,0.3581,0.3288
0.3129,0.3279,0.3592
0.3128,0.3615,0.3257
0.3127,0.3214,0.3659
0.3126,0.3097,0.3777
0.3125,0.3309,0.3566
0.3124,0.309,0.3786
0.3123,0.2992,0.3885
0.3119,0.4411,0.247
0.3115,0.2175,0.471
0.3112,0.336,0.3528
0.3112,0.3714,0.3174
0.3105,0.3499,0.3396
0.3104,0.271,0.4186
0.3103,0.3702,0.3195
0.3103,0.2976,0.3921
0.3099,0.4443,0.2458
0.3097,0.3784,0.3119
0.3097,0.4672,0.2231
0.3096,0.4735,0.2169
0.3095,0.2367,0.4538
0.3094,0.4522,0.2384
0.3093,0.3195,0.3712
0.3093,0.329,0.3617
0.3092,0.4545,0.2363
0.3092,0.4011,0.2897
0.3089,0.4295,0.2616
0.3086,0.3133,0.3781
0.3085,0.2291,0.4624
0.3084,0.3921,0.2995
0.3078,0.3606,0.3316
0.3074,0.2743,0.4183
0.3072,0.3749,0.3179
0.307,0.3098,0.3832
0.3069,0.3065,0.3866
0.3068,0.2853,0.4079
0.3067,0.4193,0.274
0.3066,0.274,0.4194
0.3066,0.5301,0.1633
0.3064,0.3235,0.3701
0.3063,0.5193,0.1744
0.3063,0.3691,0.3246
0.3062,0.3119,0.3819
0.3059,0.4771,0.217
0.3057,0.3701,0.3242
0.3055,0.3317,0.3628
0.3053,0.2777,0.417
0.3049,0.2728,0.4223
0.3047,0.2464,0.4489
0.3047,0.2761,0.4192
0.3046,0.1733,0.5221
0.3046,0.4075,0.2879
0.3044,0.2203,0.4753
0.3043,0.3314,0.3643
0.3041,0.3794,0.3165
0.3039,0.2549,0.4412
0.3038,0.3964,0.2998
0.3038,0.4224,0.2738
0.3038,0.3931,0.3031
0.3035,0.2068,0.4897
0.3035,0.3119,0.3846
0.3034,0.4566,0.24
0.3031,0.1677,0.5292
0.3031,0.239,0.4579
0.303,0.2372,0.4598
0.3026,0.2819,0.4155
0.3018,0.2594,0.4388
0.3015,0.3337,0.3648
0.3014,0.2789,0.4197
0.3013,0.4196,0.2791
0.3008,0.4287,0.2705
0.3005,0.2201,0.4794
0.3004,0.2034,0.4962
0.3002,0.3556,0.3442
0.3,0.3592,0.3408
0.2999,0.2543,0.4458
0.2996,0.408,0.2924
0.2995,0.3505,0.35
0.2995,0.3665,0.334
0.2994,0.2403,0.4603
0.2993,0.2903,0.4104
0.2992,0.3443,0.3565
0.2991,0.401,0.2999
0.299,0.3328,0.3682
0.2989,0.3748,0.3263
0.2985,0.3868,0.3147
0.2984,0.2558,0.4458
0.2982,0.3296,0.3722
0.2981,0.264,0.4379
0.2978,0.2035,0.4987
0.2976,0.3853,0.3171
0.2974,0.4227,0.2799
0.2973,0.2904,0.4123
0.2964,0.4571,0.2465
0.296,0.3575,0.3465
0.2957,0.4229,0.2814
0.2955,0.4948,0.2097
0.2949,0.2169,0.4882
0.2949,0.3629,0.3422
0.2948,0.5006,0.2046
0.2948,0.4115,0.2937
0.2942,0.3186,0.3872
0.2942,0.2454,0.4604
0.2941,0.285,0.4209
0.294,0.3009,0.4051
0.294,0.4182,0.2878
0.292,0.3925,0.3155
0.2919,0.4075,0.3006
0.2919,0.4588,0.2493
